0	0.03125	0.0	0.1965046	2.9373464	-5.2582823	7.4889153	-6.9282667	3.3673349	-0.6677966
0	0.03125	0.0	0.0051780	0.1750280	2.7718680	-4.6457154	4.6780502	-3.2768090	0.9840994
0	0.03125	0.2	0.2080760	3.0112422	-5.1048701	7.6348715	-6.8347547	2.7940766	-0.3882688
0	0.03125	0.2	0.0084834	0.2406767	2.4574292	-3.6452421	3.6142837	-2.8451814	0.9270638
0	0.03125	0.4	0.2357940	3.0822400	-3.5792100	3.9476890	1.9131590	-6.8872200	3.1896800
0	0.03125	0.4	0.0145140	0.4038000	1.6422700	-0.3906100	-0.6480700	-0.2940300	0.2514900
0	0.03125	0.6	0.2902240	3.6892050	-4.5739100	11.7098900	-6.3750000	-5.8894100	4.2452400
0	0.03125	0.6	0.0208890	0.7016780	0.1631840	5.7072160	-8.2075800	3.4561120	-0.4454700
0	0.03125	0.8	0.5163550	2.5310830	14.7129000	-43.6218000	101.0657000	-116.0810000	46.1909000
0	0.03125	0.8	0.0825460	0.4971770	4.6064810	-7.3326700	21.1486200	-29.3451000	12.4914000
0	0.0625	0.0	0.2695332	2.1626001	-1.6551569	-1.2970208	4.5604304	-4.3163876	1.4010655
0	0.0625	0.0	0.0138667	0.1827458	2.5749608	-3.9044679	3.3556301	-2.1772209	0.6420134
0	0.0625	0.2	0.2845892	2.2264055	-1.4546190	-1.5760719	5.1131083	-4.9485443	1.6207574
0	0.0625	0.2	0.0199077	0.2210874	2.4642047	-3.5898625	3.1624039	-2.2403780	0.6965751
0	0.0625	0.4	0.3261480	2.5200870	-1.8847000	2.1798740	-1.4597100	-0.1886500	0.2393400
0	0.0625	0.4	0.0294120	0.3699370	1.9220850	-1.2071500	-0.4394000	0.2737550	-0.0395200
0	0.0625	0.6	0.4166330	3.1566470	-2.6248900	7.7325910	-9.6927800	3.6428700	-0.0892000
0	0.0625	0.6	0.0598460	0.4340740	2.6811560	-3.1936600	4.0753720	-4.6940200	1.8285500
0	0.0625	0.8	0.6540140	3.4231920	3.8158050	-4.1586900	3.4715330	-10.3104000	6.6280000
0	0.0625	0.8	0.1214780	0.6975490	2.9718330	-1.3036500	-0.0754900	-3.0465100	2.1670000
0	0.125	0.0	0.4065238	0.7772483	3.8861644	-12.5739430	16.7602070	-11.0145930	2.8706957
0	0.125	0.0	0.0320270	0.1825342	2.2670449	-2.7076615	1.2088194	-0.3777430	0.0763155
0	0.125	0.2	0.4242116	1.0089302	3.2973815	-12.1597260	17.8733860	-12.8686680	3.6281712
0	0.125	0.2	0.0429859	0.2033811	2.2563818	-2.8752160	1.8152558	-1.0512327	0.3181077
0	0.125	0.4	0.4917770	1.6592320	-0.1080400	0.1793240	-2.7076100	3.3680620	-1.3489700
0	0.125	0.4	0.0634270	0.3722500	1.6231670	-0.5306500	-2.0007400	1.8943780	-0.5880300
0	0.125	0.6	0.6591820	1.8759140	1.0212600	-1.7698000	-0.5653600	1.2479960	-0.4376600
0	0.125	0.6	0.1116040	0.4714500	1.7940590	-0.7557600	-1.4901700	1.0852180	-0.2113700
0	0.125	0.8	0.9809330	1.8846320	4.8020780	-8.0580200	0.4447850	3.4772660	-1.0567500
0	0.125	0.8	0.2039950	0.4800150	2.8822430	-2.5890100	-0.9683000	1.5372370	-0.3750200
0	0.25	0.0	0.6152816	-0.3348694	6.2955620	-15.5906180	19.2995080	-12.4881070	3.3010035
0	0.25	0.0	0.0703566	0.2828152	1.4036169	-0.6511596	-1.2076596	1.0318656	-0.2423741
0	0.25	0.2	0.6385889	-0.3095132	6.5329787	-16.6228820	21.0566410	-13.8501200	3.6988146
0	0.25	0.2	0.0840059	0.1999367	1.8218113	-1.7756899	0.3757186	-0.0785358	0.0643386
0	0.25	0.4	0.7390420	0.0548160	4.0842620	-7.5883100	5.4047530	-1.0146100	-0.3483400
0	0.25	0.4	0.1164500	0.2479880	1.8282520	-1.7169900	0.1912120	0.1165770	-0.0186100
0	0.25	0.6	0.9461210	-0.1858800	5.5867460	-9.8634900	5.9596870	0.1296440	-1.0026100
0	0.25	0.6	0.1778050	0.2056680	2.0979210	-1.8039500	-0.5558700	1.1461400	-0.4206600
0	0.25	0.8	1.2452110	-0.6921900	8.3260620	-14.9480000	8.6936910	0.4755790	-1.3926600
0	0.25	0.8	0.2585640	0.1548890	2.1170240	-0.4910000	-4.6146100	5.4550750	-1.9663300
0	0.5	0.0	0.8776607	-0.6729719	3.7721411	-6.5209060	6.3377934	-3.7028038	0.9872447
0	0.5	0.0	0.1277541	0.4368502	0.4904522	1.0427434	-2.9631236	2.0826525	-0.5184313
0	0.5	0.2	0.9003948	-0.8850488	5.2743239	-11.2675230	13.8907550	-9.6373584	2.8183906
0	0.5	0.2	0.1404409	0.3215397	1.1010666	-1.0257556	0.6943940	-1.0793186	0.5410929
0	0.5	0.4	1.0058060	-0.7322600	2.9951940	-1.9459200	-3.2613500	5.1424570	-2.0306200
0	0.5	0.4	0.1740870	0.3051630	1.2070310	-0.6720500	-1.0651300	1.1445590	-0.3644800
0	0.5	0.6	1.1826010	-1.1072500	3.9623640	-2.7781300	-4.3097300	7.2772750	-2.9648200
0	0.5	0.6	0.2277120	0.1701170	1.5499470	-1.1051200	-0.8333700	1.1717060	-0.4194500
0	0.5	0.8	1.3833380	-1.3900300	4.3755780	-3.7372600	-2.5403200	5.3036000	-2.0932400
0	0.5	0.8	0.2820110	0.0839230	1.7258580	-1.5358100	-0.0635600	0.5006780	-0.1982200
0	1	0.0	1.1977992	-0.5244870	0.1498299	2.3284866	-5.1058499	4.3469049	-1.3487980
0	1	0.0	0.1870117	0.6987352	0.1316900	0.7269255	-2.5259384	2.1756251	-0.6540458
0	1	0.2	1.2263282	-1.1608467	4.4744783	-11.5842310	17.8112410	-14.4082500	4.6998279
0	1	0.2	0.2154786	0.2441623	2.8107820	-7.6574580	11.1714130	-9.0053693	2.9542871
0	1	0.4	1.2989480	-0.9978000	1.9479540	-1.3002700	-1.4940100	2.8306230	-1.2126000
0	1	0.4	0.2386246	0.1447774	3.3198992	-9.2456599	13.8235120	-11.2237150	3.6868232
0	1	0.6	1.3971180	-1.1348400	1.7918740	-0.4202600	-2.8679300	3.7685480	-1.4405000
0	1	0.6	0.2445870	0.5326670	0.5939690	-0.0361800	-2.0163100	2.2167010	-0.7782200
0	1	0.8	1.5117010	-1.3244800	1.7568350	-0.1337900	-2.8629300	3.2953270	-1.1412400
0	1	0.8	0.2704470	0.5113280	0.5357440	-0.0327300	-1.5570200	1.5570970	-0.5094600
0	2	0.0	0.8150546	-0.5623828	1.4465771	-4.6778133	8.4192164	-7.9025932	2.9866351
0	2	0.0	0.1359146	0.0702340	3.5558581	-11.0344450	16.9677240	-14.1269910	4.8706612
0	2	0.2	0.8463715	-1.0011024	4.0052312	-11.9371810	19.1895480	-16.0392960	5.4674371
0	2	0.2	0.1395121	0.0753999	3.1895604	-9.5540932	14.2143160	-11.6495250	4.0073308
0	2	0.4	0.8570045	-1.0183085	3.9957306	-11.8868780	19.1527470	-16.0474800	5.4801806
0	2	0.4	0.1436696	0.0544018	3.2816127	-9.8164232	14.6109630	-11.9421380	4.0907797
0	2	0.6	0.8839861	-1.0765270	4.0774087	-11.9761710	19.1731890	-15.9962070	5.4501217
0	2	0.6	0.1504185	0.0478401	3.2579960	-9.6921199	14.3708430	-11.7361290	4.0258411
0	2	0.8	0.9033134	-0.9619755	2.8501500	-7.6366897	11.5961160	-9.4828625	3.2550163
0	2	0.8	0.1458559	0.2313881	1.9882138	-5.5546045	7.4196069	-5.8965053	2.0855563
0.01	0.03125	0.0	0.1965046	2.9373464	-5.2582823	7.4889153	-6.9282667	3.3673349	-0.6677966
0.01	0.03125	0.0	0.0051780	0.1750280	2.7718680	-4.6457154	4.6780502	-3.2768090	0.9840994
0.01	0.03125	0.2	0.2149558	2.4720875	-1.2147834	-4.1389650	10.5392670	-9.6956094	3.1225660
0.01	0.03125	0.2	0.0081814	0.2385252	2.4687702	-3.7439973	3.7704530	-2.9529315	0.9589542
0.01	0.03125	0.4	0.2371100	3.0647320	-3.4513200	3.3917110	2.7324370	-7.4671300	3.3674100
0.01	0.03125	0.4	0.0110140	0.4025030	1.6437570	-0.3727600	-0.8119700	-0.0858000	0.1781500
0.01	0.03125	0.6	0.2921630	3.6926360	-4.6925300	11.9017200	-7.7448000	-3.7999500	3.3544000
0.01	0.03125	0.6	0.0226600	0.6715900	0.4388550	4.5930610	-6.5549400	2.3178280	-0.1251900
0.01	0.03125	0.8	0.5243760	2.2524770	16.7934800	-53.8032000	114.1036000	-119.7020000	44.9141000
0.01	0.03125	0.8	0.0833680	0.4665890	4.7440270	-8.4336900	21.1156300	-26.6845000	10.7853000
0.01	0.0625	0.0	0.2695332	2.1626001	-1.6551569	-1.2970208	4.5604304	-4.3163876	1.4010655
0.01	0.0625	0.0	0.0138667	0.1827458	2.5749608	-3.9044679	3.3556301	-2.1772209	0.6420134
0.01	0.0625	0.2	0.3011924	1.7811106	0.8562316	-6.9529186	11.3392360	-8.4567250	2.3835697
0.01	0.0625	0.2	0.0198422	0.2079432	2.6052559	-4.3155521	4.6614903	-3.6113853	1.1602564
0.01	0.0625	0.4	0.3321630	2.4901340	-1.5629300	0.0711970	3.2088600	-4.5926200	1.7583400
0.01	0.0625	0.4	0.0275700	0.4338520	1.4670200	0.0742960	-2.3137100	1.6328580	-0.4232800
0.01	0.0625	0.6	0.4174310	3.3955340	-4.5683700	12.8062500	-16.6034000	8.3551170	-1.3349400
0.01	0.0625	0.6	0.0592490	0.4942840	2.2111170	-1.9453300	2.2241680	-3.3126700	1.4345200
0.01	0.0625	0.8	0.6609890	3.4633420	2.8481190	-3.5483900	4.2900100	-10.6097000	6.3367900
0.01	0.0625	0.8	0.1233510	0.6910730	2.8678320	-1.6023100	0.5891520	-3.1647400	2.0037600
0.01	0.125	0.0	0.4065238	0.7772483	3.8861644	-12.5739430	16.7602070	-11.0145930	2.8706957
0.01	0.125	0.0	0.0320270	0.1825342	2.2670449	-2.7076615	1.2088194	-0.3777430	0.0763155
0.01	0.125	0.2	0.4140502	1.1388823	1.7096208	-6.0970813	7.5806259	-4.7412598	1.1879060
0.01	0.125	0.2	0.0486456	0.0159697	3.8996081	-9.0058939	12.4645060	-9.7091690	2.9890898
0.01	0.125	0.4	0.4927230	1.5440820	0.6341780	-2.3645300	1.5071740	0.0175250	-0.3190500
0.01	0.125	0.4	0.0625230	0.3683750	1.6262050	-0.6018500	-1.8348700	1.7392560	-0.5338200
0.01	0.125	0.6	0.6457970	1.8450060	0.8248110	-1.2027800	-1.6161800	2.2686010	-0.8026800
0.01	0.125	0.6	0.1079430	0.4523420	1.7937000	-0.7530100	-1.6009900	1.2810970	-0.2997100
0.01	0.125	0.8	0.9331980	1.8484040	4.0610460	-6.4488400	-1.5508000	5.3526860	-1.8508400
0.01	0.125	0.8	0.1900180	0.4493580	2.8240480	-2.7063600	-0.5768000	1.3457950	-0.3958100
0.01	0.25	0.0	0.6152816	-0.3348694	6.2955620	-15.5906180	19.2995080	-12.4881070	3.3010035
0.01	0.25	0.0	0.0703566	0.2828152	1.4036169	-0.6511596	-1.2076596	1.0318656	-0.2423741
0.01	0.25	0.2	0.6241551	-0.2465111	7.0309527	-20.0220420	27.9116250	-19.6827620	5.5162697
0.01	0.25	0.2	0.0907721	0.1638762	2.5396012	-5.0799147	6.3011931	-4.8260624	1.4910341
0.01	0.25	0.4	0.7353150	0.0335380	4.1529840	-7.8035600	5.7330000	-1.2513900	-0.2813800
0.01	0.25	0.4	0.1163980	0.2222910	1.9859130	-2.2466100	1.0747840	-0.5982800	0.2057500
0.01	0.25	0.6	0.9324150	-0.2341500	5.7957890	-10.6432000	7.3266510	-0.9708400	-0.6676100
0.01	0.25	0.6	0.1737550	0.1916590	2.1300350	-1.8831100	-0.4807900	1.1395430	-0.4345700
0.01	0.25	0.8	1.2219490	-1.1415500	11.7129200	-27.0807000	29.8341800	-16.9377000	4.0600500
0.01	0.25	0.8	0.2500840	0.0580650	2.8199190	-3.0313700	-0.1601400	1.7951480	-0.8296700
0.01	0.5	0.0	0.8776607	-0.6729719	3.7721411	-6.5209060	6.3377934	-3.7028038	0.9872447
0.01	0.5	0.0	0.1277541	0.4368502	0.4904522	1.0427434	-2.9631236	2.0826525	-0.5184313
0.01	0.5	0.2	0.9015490	-1.1113733	6.8843421	-16.3425740	21.5854520	-15.2024440	4.3660359
0.01	0.5	0.2	0.1484299	0.1541815	2.2768151	-4.5991695	5.8149262	-4.5777434	1.4654106
0.01	0.5	0.4	0.9995660	-0.7280200	2.9776730	-1.9277500	-3.2709000	5.1505490	-2.0350400
0.01	0.5	0.4	0.1726160	0.3087790	1.1425500	-0.3862200	-1.6344200	1.6645600	-0.5412700
0.01	0.5	0.6	1.1705130	-1.1242900	4.0543560	-2.9851600	-4.1166400	7.2299430	-2.9791800
0.01	0.5	0.6	0.2234860	0.1766680	1.5051550	-0.9863000	-0.9867500	1.2669540	-0.4418100
0.01	0.5	0.8	1.3565360	-1.3769500	4.3964180	-3.8814500	-2.2095000	5.0187600	-2.0135800
0.01	0.5	0.8	0.2754490	0.0635260	1.8760200	-1.9807100	0.6070780	0.0190700	-0.0683400
0.01	1	0.0	1.1977992	-0.5244870	0.1498299	2.3284866	-5.1058499	4.3469049	-1.3487980
0.01	1	0.0	0.1870117	0.6987352	0.1316900	0.7269255	-2.5259384	2.1756251	-0.6540458
0.01	1	0.2	1.2108906	-1.2118250	5.0003862	-13.5252570	21.0963570	-16.9937110	5.4692793
0.01	1	0.2	0.2135613	0.1822719	3.2508209	-9.1159303	13.5260880	-10.8162720	3.4876265
0.01	1	0.4	1.2915440	-0.9860000	1.9198180	-1.2048700	-1.6920600	3.0190640	-1.2778100
0.01	1	0.4	0.2335267	0.1351331	3.4108405	-9.6049414	14.4545800	-11.7273290	3.8372073
0.01	1	0.6	1.3879210	-1.1637000	2.0681660	-1.2956400	-1.4973800	2.7147660	-1.1246500
0.01	1	0.6	0.2442110	0.4839940	0.9407500	-1.1541500	-0.1848200	0.7462030	-0.3202300
0.01	1	0.8	1.4955530	-1.3298700	1.9626990	-0.8242400	-1.7468100	2.4129690	-0.8712900
0.01	1	0.8	0.2671290	0.4953350	0.6445810	-0.2740900	-1.3088000	1.4517080	-0.5006200
0.01	2	0.0	0.8150546	-0.5623828	1.4465771	-4.6778133	8.4192164	-7.9025932	2.9866351
0.01	2	0.0	0.1359146	0.0702340	3.5558581	-11.0344450	16.9677240	-14.1269910	4.8706612
0.01	2	0.2	0.8108427	-0.9469615	4.0418669	-12.5896990	20.7134650	-17.4230420	5.9097427
0.01	2	0.2	0.1318838	0.0532545	3.3674428	-10.2361370	15.4302050	-12.6363930	4.3051116
0.01	2	0.4	0.8250898	-0.2999988	-0.8021829	3.4774334	-6.2776890	4.9519567	-1.3622968
0.01	2	0.4	0.1346594	0.0300881	3.4841930	-10.5982010	15.9829630	-13.0333430	4.4132933
0.01	2	0.6	0.8505718	-0.3504564	-0.7638086	3.5152228	-6.4354105	5.1178036	-1.4187607
0.01	2	0.6	0.1449083	0.0226142	3.4683252	-10.4958300	15.7990020	-12.9013670	4.3816709
0.01	2	0.8	0.9038677	-0.9803128	3.0688019	-8.3574085	12.7919550	-10.4936610	3.5981987
0.01	2	0.8	0.1478039	0.0204313	3.4187237	-10.1832730	14.7760720	-11.4797620	3.7099585
0.01667	0.03125	0.0	0.1965046	2.9373464	-5.2582823	7.4889153	-6.9282667	3.3673349	-0.6677966
0.01667	0.03125	0.0	0.0051780	0.1750280	2.7718680	-4.6457154	4.6780502	-3.2768090	0.9840994
0.01667	0.03125	0.2	0.2148671	2.4723189	-1.2180211	-4.1126757	10.4967240	-9.6740573	3.1211775
0.01667	0.03125	0.2	0.0080961	0.2401938	2.4502326	-3.6573824	3.5940475	-2.7881220	0.9010264
0.01667	0.03125	0.4	0.2372950	3.0566010	-3.3944000	3.1477730	3.1530230	-7.7865200	3.4576600
0.01667	0.03125	0.4	0.0106590	0.4095900	1.6083470	-0.3260900	-0.8035100	-0.1463900	0.2110000
0.01667	0.03125	0.6	0.2937680	3.5870040	-3.8424000	8.4442010	-1.4600300	-8.9339200	4.9119300
0.01667	0.03125	0.6	0.0220570	0.6740750	0.3474810	4.9629310	-7.3508700	3.1732170	-0.4659300
0.01667	0.03125	0.8	0.4838350	3.1566150	8.8031170	-27.1648000	69.6019100	-82.4796000	32.6826000
0.01667	0.03125	0.8	0.0716700	0.7084130	2.6085960	-1.4257400	9.3653570	-16.6405000	7.3940300
0.01667	0.0625	0.0	0.2695332	2.1626001	-1.6551569	-1.2970208	4.5604304	-4.3163876	1.4010655
0.01667	0.0625	0.0	0.0138667	0.1827458	2.5749608	-3.9044679	3.3556301	-2.1772209	0.6420134
0.01667	0.0625	0.2	0.2857109	2.0654488	-0.9893799	-1.3807471	2.8006402	-2.0206042	0.4892659
0.01667	0.0625	0.2	0.0194914	0.2150005	2.5598171	-4.1817299	4.4576257	-3.4587288	1.1159282
0.01667	0.0625	0.4	0.3287840	2.5921570	-2.4132600	3.0634190	-1.9525300	-0.3333000	0.4144600
0.01667	0.0625	0.4	0.0280780	0.4276920	1.4973510	0.0288440	-2.3497300	1.7402640	-0.4758200
0.01667	0.0625	0.6	0.4176850	3.4074150	-4.6753500	13.0785900	-17.0413000	8.7888280	-1.5084600
0.01667	0.0625	0.6	0.0574660	0.5499100	1.7774590	-0.5099100	-0.1282100	-1.4365500	0.8552000
0.01667	0.0625	0.8	0.6582530	3.5128870	2.2828230	-1.9924300	2.2310040	-8.6681700	5.4793000
0.01667	0.0625	0.8	0.1225420	0.7046220	2.7569290	-1.4438200	0.6196850	-3.1640900	1.9357000
0.01667	0.125	0.0	0.4065238	0.7772483	3.8861644	-12.5739430	16.7602070	-11.0145930	2.8706957
0.01667	0.125	0.0	0.0320270	0.1825342	2.2670449	-2.7076615	1.2088194	-0.3777430	0.0763155
0.01667	0.125	0.2	0.4141982	1.1344888	1.7439464	-6.2232541	7.7907137	-4.9072442	1.2389750
0.01667	0.125	0.2	0.0486813	0.0152024	3.9061790	-9.0327670	12.5107770	-9.7464081	3.0006990
0.01667	0.125	0.4	0.4948480	1.4794440	1.1185270	-4.0444100	4.3282860	-2.2595600	0.3903500
0.01667	0.125	0.4	0.0625520	0.3656340	1.6407500	-0.6554600	-1.7474400	1.6670140	-0.5089000
0.01667	0.125	0.6	0.6409930	1.9652950	-0.1642100	2.2005520	-7.4218400	7.0583030	-2.3230500
0.01667	0.125	0.6	0.1083560	0.4453160	1.8399940	-0.9086700	-1.3774300	1.1373530	-0.2654300
0.01667	0.125	0.8	0.9356790	1.8738760	3.8946700	-6.0693900	-1.9444100	5.6896490	-2.0106100
0.01667	0.125	0.8	0.1916520	0.4524760	2.8002690	-2.6288800	-0.7144600	1.5221540	-0.4838500
0.01667	0.25	0.0	0.6152816	-0.3348694	6.2955620	-15.5906180	19.2995080	-12.4881070	3.3010035
0.01667	0.25	0.0	0.0703566	0.2828152	1.4036169	-0.6511596	-1.2076596	1.0318656	-0.2423741
0.01667	0.25	0.2	0.6254105	-0.2756845	7.2372917	-20.7173720	29.0868390	-20.6443290	5.8190829
0.01667	0.25	0.2	0.0900509	0.1754701	2.4653292	-4.8609065	5.9734789	-4.5843798	1.4212799
0.01667	0.25	0.4	0.7330250	0.0541030	4.0064310	-7.3694700	5.0627260	-0.7345100	-0.4373600
0.01667	0.25	0.4	0.1161040	0.2203390	2.0004310	-2.3056000	1.1713600	-0.6681400	0.2244900
0.01667	0.25	0.6	0.9210290	-0.0465700	4.4521870	-6.3769100	0.5403590	4.3048320	-2.2613700
0.01667	0.25	0.6	0.1702480	0.2497180	1.7270540	-0.6420800	-2.4041500	2.6026300	-0.8686500
0.01667	0.25	0.8	1.2047330	-0.7847600	8.9533120	-17.7152000	14.2180400	-4.3196500	0.1157300
0.01667	0.25	0.8	0.2472570	0.1171600	2.3652370	-1.4978600	-2.7028500	3.8489740	-1.4739500
0.01667	0.5	0.0	0.8776607	-0.6729719	3.7721411	-6.5209060	6.3377934	-3.7028038	0.9872447
0.01667	0.5	0.0	0.1277541	0.4368502	0.4904522	1.0427434	-2.9631236	2.0826525	-0.5184313
0.01667	0.5	0.2	0.8987625	-1.0615830	6.5352105	-15.1735720	19.6072330	-13.5756460	3.8503478
0.01667	0.5	0.2	0.1492382	0.1399206	2.3632147	-4.8462524	6.1772411	-4.8415701	1.5410021
0.01667	0.5	0.4	0.9959920	-0.6970000	2.8073570	-1.4883600	-3.8580500	5.5420790	-2.1380800
0.01667	0.5	0.4	0.1731960	0.2880460	1.2897340	-0.8838700	-0.7861600	0.9618990	-0.3169700
0.01667	0.5	0.6	1.1640340	-1.0701100	3.7508010	-2.1976100	-5.1415900	7.8804140	-3.1390700
0.01667	0.5	0.6	0.2222510	0.1801650	1.4936230	-0.9830600	-0.9475900	1.2090310	-0.4178500
0.01667	0.5	0.8	1.3532210	-1.4106800	4.6621530	-4.7297600	-0.8479500	3.9686690	-1.7045800
0.01667	0.5	0.8	0.2729800	0.0878270	1.7214050	-1.5086900	-0.1139000	0.5633750	-0.2302700
0.01667	1	0.0	1.1977992	-0.5244870	0.1498299	2.3284866	-5.1058499	4.3469049	-1.3487980
0.01667	1	0.0	0.1870117	0.6987352	0.1316900	0.7269255	-2.5259384	2.1756251	-0.6540458
0.01667	1	0.2	1.2106055	-1.2105643	4.9943941	-13.5082830	21.0722930	-16.9776920	5.4653669
0.01667	1	0.2	0.2138344	0.1777026	3.2716297	-9.1531646	13.5494920	-10.8128400	3.4815135
0.01667	1	0.4	1.2891190	-0.9709000	1.8325120	-0.9414100	-2.1003700	3.3316080	-1.3719500
0.01667	1	0.4	0.2133960	0.5774660	0.6071350	-0.1664100	-1.8486500	2.1386670	-0.7727600
0.01667	1	0.6	1.3851610	-1.1646000	2.1025010	-1.4262200	-1.2663500	2.5193910	-1.0614400
0.01667	1	0.6	0.2421130	0.5102400	0.7555890	-0.5305800	-1.2337100	1.5984880	-0.5866900
0.01667	1	0.8	1.4915010	-1.3274700	1.9683410	-0.7813900	-1.8938700	2.5733450	-0.9310100
0.01667	1	0.8	0.2653560	0.5038220	0.6296470	-0.3034500	-1.1613700	1.2707090	-0.4290900
0.01667	2	0.0	0.8150546	-0.5623828	1.4465771	-4.6778133	8.4192164	-7.9025932	2.9866351
0.01667	2	0.0	0.1359146	0.0702340	3.5558581	-11.0344450	16.9677240	-14.1269910	4.8706612
0.01667	2	0.2	0.8101916	-0.9412593	4.0126414	-12.5072850	20.5890070	-17.3291070	5.8820015
0.01667	2	0.2	0.1322100	0.0467146	3.4045450	-10.3281060	15.5407980	-12.6988470	4.3180540
0.01667	2	0.4	0.8245651	-0.3028365	-0.7600170	3.3001602	-5.9433064	4.6607966	-1.2672554
0.01667	2	0.4	0.1339511	0.0389739	3.4338823	-10.4599000	15.7892070	-12.9001500	4.3776714
0.01667	2	0.6	0.8499410	-0.3556093	-0.7320158	3.4590456	-6.4089179	5.1364574	-1.4338641
0.01667	2	0.6	0.1450687	0.0152402	3.5174526	-10.6433160	16.0268970	-13.0770770	4.4350680
0.01667	2	0.8	0.9019647	-0.9728613	3.0540609	-8.3490973	12.8223500	-10.5472330	3.6224835
0.01667	2	0.8	0.1471513	0.0263638	3.3848213	-10.0798550	14.6161400	-11.3598810	3.6753008
0.05	0.03125	0.0	0.1965046	2.9373464	-5.2582823	7.4889153	-6.9282667	3.3673349	-0.6677966
0.05	0.03125	0.0	0.0051780	0.1750280	2.7718680	-4.6457154	4.6780502	-3.2768090	0.9840994
0.05	0.03125	0.2	0.2147553	2.4733297	-1.2474542	-4.0148844	10.3254310	-9.5295230	3.0755621
0.05	0.03125	0.2	0.0081488	0.2377645	2.4723890	-3.7475362	3.7575353	-2.9323550	0.9509310
0.05	0.03125	0.4	0.2360970	3.0572780	-3.4936200	3.2721920	3.0580130	-7.6615500	3.3859300
0.05	0.03125	0.4	0.0102200	0.4124020	1.5384150	-0.0617800	-1.3675500	0.4323350	-0.0065400
0.05	0.03125	0.6	0.2861060	3.5905940	-4.3735000	9.6484880	-3.3065400	-7.0688300	4.1532600
0.05	0.03125	0.6	0.0198400	0.6562220	0.3810810	4.5714070	-6.6677400	2.8306200	-0.4505100
0.05	0.03125	0.8	0.4596930	2.6805760	10.7180300	-36.8898000	86.5231900	-93.7594000	35.0815000
0.05	0.03125	0.8	0.0617560	0.6089050	2.8527370	-3.2715300	12.2746800	-17.7359000	7.2096800
0.05	0.0625	0.0	0.2695332	2.1626001	-1.6551569	-1.2970208	4.5604304	-4.3163876	1.4010655
0.05	0.0625	0.0	0.0138667	0.1827458	2.5749608	-3.9044679	3.3556301	-2.1772209	0.6420134
0.05	0.0625	0.2	0.2859329	2.0653053	-0.9905563	-1.4150031	2.8652343	-2.0661068	0.5016295
0.05	0.0625	0.2	0.0196037	0.2151084	2.5626289	-4.2011550	4.4798485	-3.4669351	1.1166928
0.05	0.0625	0.4	0.3300790	2.5687830	-2.2730100	2.4482290	-0.9061800	-1.1152300	0.6336900
0.05	0.0625	0.4	0.0272960	0.4545140	1.2940000	0.6585910	-3.3745900	2.5567530	-0.7249800
0.05	0.0625	0.6	0.4134110	3.3905790	-4.8820500	13.3519200	-17.1606000	9.1488940	-1.8015900
0.05	0.0625	0.6	0.0575670	0.5056840	2.0319140	-1.4822100	1.4954900	-2.5583400	1.1145400
0.05	0.0625	0.8	0.6264970	3.5543640	0.7919210	0.3194370	2.0824790	-8.6748200	4.8836700
0.05	0.0625	0.8	0.1126460	0.7058050	2.3784990	-0.9484300	0.6832120	-2.9086500	1.5439800
0.05	0.125	0.0	0.4065238	0.7772483	3.8861644	-12.5739430	16.7602070	-11.0145930	2.8706957
0.05	0.125	0.0	0.0320270	0.1825342	2.2670449	-2.7076615	1.2088194	-0.3777430	0.0763155
0.05	0.125	0.2	0.4141745	1.1275356	1.7988949	-6.4537497	8.1885840	-5.2215937	1.3338255
0.05	0.125	0.2	0.0487792	0.0133782	3.9204009	-9.0880489	12.5903900	-9.7977291	3.0135889
0.05	0.125	0.4	0.4917700	1.5480530	0.5402050	-2.1834600	1.2196150	0.2889000	-0.4136700
0.05	0.125	0.4	0.0618810	0.3879900	1.4515410	-0.0167500	-2.8752400	2.6301310	-0.8213900
0.05	0.125	0.6	0.6460050	1.8351450	0.8285700	-1.6608000	-0.4877600	1.3380790	-0.5504100
0.05	0.125	0.6	0.1093030	0.4366540	1.9181290	-1.3212300	-0.5731700	0.4753220	-0.0675600
0.05	0.125	0.8	0.9327440	1.9648060	3.1532800	-4.8291100	-1.9134300	5.1126320	-1.9475400
0.05	0.125	0.8	0.1921390	0.4872100	2.5183370	-1.9746200	-1.3273800	2.0002740	-0.7177100
0.05	0.25	0.0	0.6152816	-0.3348694	6.2955620	-15.5906180	19.2995080	-12.4881070	3.3010035
0.05	0.25	0.0	0.0703566	0.2828152	1.4036169	-0.6511596	-1.2076596	1.0318656	-0.2423741
0.05	0.25	0.2	0.6229529	-0.2485784	7.0430049	-20.1319940	28.2060250	-19.9950120	5.6320877
0.05	0.25	0.2	0.0905859	0.1617121	2.5472316	-5.1142004	6.3762462	-4.8989319	1.5167184
0.05	0.25	0.4	0.7303090	0.0326040	4.1332170	-7.8985600	6.0159640	-1.5217600	-0.1897900
0.05	0.25	0.4	0.1142170	0.2418060	1.8297700	-1.7682600	0.3018070	0.0205930	0.0144400
0.05	0.25	0.6	0.9202510	-0.1540100	5.1619380	-8.8082400	4.5807010	1.1262150	-1.3066500
0.05	0.25	0.6	0.1702680	0.2235180	1.8974360	-1.2399100	-1.4028300	1.8129880	-0.6307900
0.05	0.25	0.8	1.2322960	-1.4426500	14.0036200	-35.2375000	44.1996900	-28.7466000	7.7018200
0.05	0.25	0.8	0.2497100	0.1097790	2.4079700	-1.7073400	-2.2186700	3.4494480	-1.3726200
0.05	0.5	0.0	0.8776607	-0.6729719	3.7721411	-6.5209060	6.3377934	-3.7028038	0.9872447
0.05	0.5	0.0	0.1277541	0.4368502	0.4904522	1.0427434	-2.9631236	2.0826525	-0.5184313
0.05	0.5	0.2	0.8998006	-1.1008716	6.7949974	-16.0081480	20.9856350	-14.6924970	4.2008852
0.05	0.5	0.2	0.1482707	0.1526809	2.2809119	-4.6071223	5.8286426	-4.5922291	1.4712639
0.05	0.5	0.4	0.9875950	-0.6604200	2.5904420	-0.9060400	-4.6843400	6.1350420	-2.3065200
0.05	0.5	0.4	0.1703150	0.3037660	1.2129670	-0.7351300	-0.9145500	0.9993630	-0.3136400
0.05	0.5	0.6	1.1535210	-1.0846600	3.8853140	-2.6803400	-4.3200500	7.2246270	-2.9406900
0.05	0.5	0.6	0.2189650	0.1820740	1.4974930	-1.0467100	-0.7825700	1.0459000	-0.3613100
0.05	0.5	0.8	1.3387940	-1.3846800	4.5947460	-4.6182500	-0.8155300	3.8499650	-1.6650000
0.05	0.5	0.8	0.2704200	0.0863940	1.7356660	-1.5215400	-0.1070200	0.5843010	-0.2509500
0.05	1	0.0	1.1977992	-0.5244870	0.1498299	2.3284866	-5.1058499	4.3469049	-1.3487980
0.05	1	0.0	0.1870117	0.6987352	0.1316900	0.7269255	-2.5259384	2.1756251	-0.6540458
0.05	1	0.2	1.2091906	-1.2119075	5.0112782	-13.5533610	21.1419610	-17.0368490	5.4856225
0.05	1	0.2	0.2131357	0.1842366	3.2319216	-9.0396511	13.3896960	-10.7041300	3.4528991
0.05	1	0.4	1.2822600	-0.9719500	1.8928700	-1.1442300	-1.7968400	3.1176240	-1.3148300
0.05	1	0.4	0.2313746	0.1294187	3.4578251	-9.7497871	14.6805740	-11.9027520	3.8908182
0.05	1	0.6	1.3703740	-1.1028000	1.7930470	-0.4916100	-2.7326500	3.6494690	-1.4011700
0.05	1	0.6	0.2379550	0.5278330	0.6693230	-0.2931400	-1.5654000	1.8255750	-0.6476900
0.05	1	0.8	1.4740600	-1.2903000	1.9333060	-0.7538900	-1.8525600	2.4833110	-0.8912300
0.05	1	0.8	0.2620950	0.4999820	0.6688010	-0.3352900	-1.2212800	1.3834660	-0.4801300
0.05	2	0.0	0.8150546	-0.5623828	1.4465771	-4.6778133	8.4192164	-7.9025932	2.9866351
0.05	2	0.0	0.1359146	0.0702340	3.5558581	-11.0344450	16.9677240	-14.1269910	4.8706612
0.05	2	0.2	0.8405900	-0.9828964	3.9783944	-11.9291390	19.2323610	-16.1070760	5.4985318
0.05	2	0.2	0.1401448	0.0460755	3.3846820	-10.1378210	15.1070480	-12.3285960	4.2110577
0.05	2	0.4	0.8204618	-0.2806825	-0.8637066	3.6013842	-6.4111767	5.0203080	-1.3749797
0.05	2	0.4	0.1422434	0.0527995	3.3104268	-9.9190612	14.7948710	-12.1079820	4.1496887
0.05	2	0.6	0.8457322	-0.3595145	-0.6426755	3.1612151	-5.9385710	4.7719679	-1.3235536
0.05	2	0.6	0.1488396	0.0406125	3.3249114	-9.9017635	14.7120960	-12.0202160	4.1204818
0.05	2	0.8	0.8946607	-0.9436510	2.9530039	-8.0365810	12.2978550	-10.1283400	3.4958489
0.05	2	0.8	0.1434305	0.2331398	2.0104442	-5.6212616	7.5252202	-5.9911091	2.1206547
0.1	0.03125	0.0	0.1965046	2.9373464	-5.2582823	7.4889153	-6.9282667	3.3673349	-0.6677966
0.1	0.03125	0.0	0.0051780	0.1750280	2.7718680	-4.6457154	4.6780502	-3.2768090	0.9840994
0.1	0.03125	0.2	0.2144509	2.4711734	-1.2860169	-3.9437101	10.2582460	-9.4874515	3.0628400
0.1	0.03125	0.2	0.0080221	0.2380830	2.4576921	-3.7039504	3.6653669	-2.8375154	0.9161589
0.1	0.03125	0.4	0.2362020	3.0232830	-3.3746300	2.6514220	4.2691070	-8.6980100	3.7198100
0.1	0.03125	0.4	0.0103150	0.3971020	1.6371740	-0.4826500	-0.6416000	-0.1376700	0.1653300
0.1	0.03125	0.6	0.2803270	3.5106810	-4.3633000	9.2831770	-2.7203100	-7.4474300	4.2735200
0.1	0.03125	0.6	0.0176640	0.6383120	0.3362480	4.6736560	-7.0299900	3.3065000	-0.6400000
0.1	0.03125	0.8	0.4108450	2.7858000	7.1999900	-24.9664000	63.8385400	-72.4905000	27.6356000
0.1	0.03125	0.8	0.0459140	0.6441140	1.8109850	0.1500500	5.6303710	-11.3292000	4.9191600
0.1	0.0625	0.0	0.2695332	2.1626001	-1.6551569	-1.2970208	4.5604304	-4.3163876	1.4010655
0.1	0.0625	0.0	0.0138667	0.1827458	2.5749608	-3.9044679	3.3556301	-2.1772209	0.6420134
0.1	0.0625	0.2	0.2852601	2.0623971	-0.9452314	-1.7155871	3.4690201	-2.5845388	0.6675616
0.1	0.0625	0.2	0.0195666	0.2161881	2.5579251	-4.2119758	4.4960423	-3.4714625	1.1164625
0.1	0.0625	0.4	0.3294820	2.5547280	-2.2095000	1.8316820	0.5378940	-2.4428800	1.0694100
0.1	0.0625	0.4	0.0290130	0.4029930	1.6912760	-0.7784700	-0.9590600	0.6513490	-0.1510800
0.1	0.0625	0.6	0.4058800	3.3662220	-5.1482900	13.5134500	-16.6551000	8.6671530	-1.7293500
0.1	0.0625	0.6	0.0569260	0.4451650	2.3945360	-2.9719000	4.1328030	-4.5775200	1.6727700
0.1	0.0625	0.8	0.5908720	3.5314460	-0.6929200	3.3140250	-0.2495400	-7.1101300	4.1118800
0.1	0.0625	0.8	0.1004430	0.7134420	1.8363740	0.1930190	-0.5388500	-1.7508700	0.9917100
0.1	0.125	0.0	0.4065238	0.7772483	3.8861644	-12.5739430	16.7602070	-11.0145930	2.8706957
0.1	0.125	0.0	0.0320270	0.1825342	2.2670449	-2.7076615	1.2088194	-0.3777430	0.0763155
0.1	0.125	0.2	0.4138525	1.1243780	1.7964950	-6.5013714	8.2843111	-5.2897626	1.3521056
0.1	0.125	0.2	0.0488254	0.0124168	3.9238498	-9.1173502	12.6306930	-9.8176804	3.0170051
0.1	0.125	0.4	0.4900830	1.5797060	0.2456910	-1.4169300	0.1330550	1.0979610	-0.6544400
0.1	0.125	0.4	0.0625190	0.3795970	1.5007820	-0.2215400	-2.5534400	2.4056210	-0.7613400
0.1	0.125	0.6	0.6383460	1.8896790	0.1654880	0.1405470	-2.8887800	3.1374330	-1.1431800
0.1	0.125	0.6	0.1078790	0.4418060	1.8093490	-1.0600900	-0.9104200	0.7835470	-0.1968000
0.1	0.125	0.8	0.9106040	1.6778320	4.1741310	-7.6274100	2.6957210	2.3283330	-1.6172500
0.1	0.125	0.8	0.1827830	0.5316620	2.0011150	-0.7238700	-2.5544000	2.7998200	-1.0318900
0.1	0.25	0.0	0.6152816	-0.3348694	6.2955620	-15.5906180	19.2995080	-12.4881070	3.3010035
0.1	0.25	0.0	0.0703566	0.2828152	1.4036169	-0.6511596	-1.2076596	1.0318656	-0.2423741
0.1	0.25	0.2	0.6221458	-0.2652412	7.1236921	-20.4156830	28.6911720	-20.3911190	5.7567350
0.1	0.25	0.2	0.0893032	0.1771452	2.4437349	-4.8273884	5.9604631	-4.5972261	1.4308564
0.1	0.25	0.4	0.7269240	0.0331400	4.0541080	-7.6758800	5.6254770	-1.1588100	-0.3180200
0.1	0.25	0.4	0.1141390	0.2282720	1.9094300	-2.0571800	0.7745000	-0.3425200	0.1223300
0.1	0.25	0.6	0.9136940	-0.1128200	4.7770370	-7.7684000	3.1756140	2.1324410	-1.6080500
0.1	0.25	0.6	0.1690410	0.2367980	1.7775820	-0.9219600	-1.8420100	2.1429690	-0.7348800
0.1	0.25	0.8	1.2285610	-1.3887200	13.4234400	-33.6089000	42.3303600	-27.5000000	7.2734400
0.1	0.25	0.8	0.2605760	-0.1180300	4.1243640	-7.6919700	8.0993900	-4.9636300	1.2276300
0.1	0.5	0.0	0.8776607	-0.6729719	3.7721411	-6.5209060	6.3377934	-3.7028038	0.9872447
0.1	0.5	0.0	0.1277541	0.4368502	0.4904522	1.0427434	-2.9631236	2.0826525	-0.5184313
0.1	0.5	0.2	0.8939439	-1.0523498	6.4920812	-15.1382170	19.6886760	-13.7250260	3.9161703
0.1	0.5	0.2	0.1471464	0.1576874	2.2477033	-4.5209327	5.7119515	-4.5121924	1.4494557
0.1	0.5	0.4	0.9797560	-0.6583400	2.5905960	-0.9807000	-4.5022900	5.9676820	-2.2512600
0.1	0.5	0.4	0.1683280	0.3025050	1.2065640	-0.7030600	-0.9925300	1.0836790	-0.3460700
0.1	0.5	0.6	1.1399170	-1.0507000	3.7096220	-2.2768200	-4.7650200	7.4625310	-2.9908600
0.1	0.5	0.6	0.2156530	0.1890000	1.4447400	-0.8854600	-1.0301700	1.2393260	-0.4219600
0.1	0.5	0.8	1.3104950	-1.0667900	2.8675320	-0.6020200	-5.1697700	6.1071010	-2.1308200
0.1	0.5	0.8	0.2673520	0.1194700	1.5170160	-0.8642000	-1.0371700	1.2474400	-0.4452900
0.1	1	0.0	1.1977992	-0.5244870	0.1498299	2.3284866	-5.1058499	4.3469049	-1.3487980
0.1	1	0.0	0.1870117	0.6987352	0.1316900	0.7269255	-2.5259384	2.1756251	-0.6540458
0.1	1	0.2	1.2047909	-1.2012348	4.9676187	-13.4267790	20.9455040	-16.8871720	5.4412264
0.1	1	0.2	0.2119663	0.1873102	3.2105329	-8.9636386	13.2619430	-10.6037900	3.4231621
0.1	1	0.4	1.2697440	-0.9183700	1.6384390	-0.4675200	-2.7367600	3.7616560	-1.4871500
0.1	1	0.4	0.2313746	0.1294187	3.4578251	-9.7497871	14.6805740	-11.9027520	3.8908182
0.1	1	0.6	1.3563790	-1.1020000	1.8638360	-0.5992700	-2.7466300	3.7780850	-1.4700900
0.1	1	0.6	0.2338370	0.5347500	0.6371980	-0.1619900	-1.8137100	2.0426640	-0.7195100
0.1	1	0.8	1.4582970	-1.3079100	2.2328620	-1.6002400	-0.6409600	1.6167600	-0.6502600
0.1	1	0.8	0.2583450	0.5028090	0.6746630	-0.2815000	-1.3831100	1.5504100	-0.5408600
0.1	2	0.0	0.8150546	-0.5623828	1.4465771	-4.6778133	8.4192164	-7.9025932	2.9866351
0.1	2	0.0	0.1359146	0.0702340	3.5558581	-11.0344450	16.9677240	-14.1269910	4.8706612
0.1	2	0.2	0.8389023	-0.9910627	4.0593253	-12.1853660	19.6302190	-16.4118260	5.5902596
0.1	2	0.2	0.1391760	0.0538372	3.3380006	-9.9908862	14.8711000	-12.1439300	4.1552336
0.1	2	0.4	0.8168007	-0.2921048	-0.7346646	3.2014916	-5.8126583	4.5798416	-1.2477748
0.1	2	0.4	0.1412816	0.0503888	3.3380869	-10.0107050	14.9491700	-12.2388550	4.1935739
0.1	2	0.6	0.8387058	-0.3482355	-0.6184382	3.0476208	-5.7528210	4.6253567	-1.2780857
0.1	2	0.6	0.1473521	0.0388746	3.3532681	-9.9888648	14.8489580	-12.1325230	4.1580679
0.1	2	0.8	0.8878357	-0.9627154	3.2133021	-8.8604927	13.5686980	-11.1035650	3.7915359
0.1	2	0.8	0.1419379	0.2284659	2.0631482	-5.7641990	7.7262423	-6.1414207	2.1673189
0.2	0.03125	0.0	0.1965046	2.9373464	-5.2582823	7.4889153	-6.9282667	3.3673349	-0.6677966
0.2	0.03125	0.0	0.0051780	0.1750280	2.7718680	-4.6457154	4.6780502	-3.2768090	0.9840994
0.2	0.03125	0.2	0.2190748	2.5203290	-2.0236870	-1.2734559	5.7568175	-5.8748904	1.9521817
0.2	0.03125	0.2	0.0082274	0.2471615	2.3678007	-3.4287724	3.2025223	-2.4520746	0.7939694
0.2	0.03125	0.4	0.2316580	3.0174340	-3.6739100	3.3486960	3.4951970	-8.3582900	3.7094000
0.2	0.03125	0.4	0.0132894	0.2678595	2.5665870	-4.0109437	5.6693993	-5.4751609	1.8921069
0.2	0.03125	0.6	0.2637180	3.3055520	-4.3385500	9.7328450	-4.9409500	-4.6514100	3.2218700
0.2	0.03125	0.6	0.0181909	0.3817362	2.1420212	-2.1977697	5.2001900	-7.0131972	2.7040967
0.2	0.03125	0.8	0.3497230	2.1192140	8.0739030	-27.5875000	62.8839200	-66.4090000	24.3061000
0.2	0.03125	0.8	0.0235580	0.5103500	1.5026960	1.4467780	1.4312900	-6.0350600	2.7698500
0.2	0.0625	0.0	0.2695332	2.1626001	-1.6551569	-1.2970208	4.5604304	-4.3163876	1.4010655
0.2	0.0625	0.0	0.0138667	0.1827458	2.5749608	-3.9044679	3.3556301	-2.1772209	0.6420134
0.2	0.0625	0.2	0.2852936	2.0689704	-1.0554851	-1.4836567	3.1890944	-2.3859114	0.6080571
0.2	0.0625	0.2	0.0197715	0.2169234	2.5536862	-4.2430898	4.5441255	-3.4924585	1.1187813
0.2	0.0625	0.4	0.3285480	2.4958610	-2.0243000	0.8619950	2.4744750	-4.0617200	1.5606500
0.2	0.0625	0.4	0.0361263	0.3182238	2.4231181	-3.6890071	4.2893407	-3.7603314	1.2600158
0.2	0.0625	0.6	0.3915700	3.2250850	-4.9945400	12.1855900	-13.4289000	5.6813190	-0.7529300
0.2	0.0625	0.6	0.0514191	0.4402715	2.1487271	-2.5959155	4.1080561	-4.8381973	1.8044669
0.2	0.0625	0.8	0.5261450	3.2405970	-1.3815100	4.1519310	0.5109400	-8.1414300	4.3185000
0.2	0.0625	0.8	0.0814479	0.6559984	1.5337156	0.4475435	0.0534894	-2.5096346	1.2137430
0.2	0.125	0.0	0.4065238	0.7772483	3.8861644	-12.5739430	16.7602070	-11.0145930	2.8706957
0.2	0.125	0.0	0.0320270	0.1825342	2.2670449	-2.7076615	1.2088194	-0.3777430	0.0763155
0.2	0.125	0.2	0.4136013	1.1220276	1.7642454	-6.5135424	8.3634912	-5.3510304	1.3676362
0.2	0.125	0.2	0.0490163	0.0123967	3.9211133	-9.1581812	12.7091830	-9.8748627	3.0337707
0.2	0.125	0.4	0.4909940	1.5098770	0.5876890	-2.8587400	2.8113040	-1.1202600	0.0293200
0.2	0.125	0.4	0.0747677	0.0749203	3.9389068	-9.1864777	12.9984520	-10.2950810	3.1890105
0.2	0.125	0.6	0.6249600	1.8325900	0.0013210	-0.0015000	-1.5020700	1.6414400	-0.6878100
0.2	0.125	0.6	0.1105969	0.2637050	2.9884892	-5.4654500	6.9950075	-5.7793135	1.8496103
0.2	0.125	0.8	0.8500710	1.9490000	1.0758800	-0.8402600	-2.2385800	3.1877320	-1.4499300
0.2	0.125	0.8	0.1789668	0.2399490	3.8931390	-7.7610872	10.2948240	-7.8565698	2.2277937
0.2	0.25	0.0	0.6152816	-0.3348694	6.2955620	-15.5906180	19.2995080	-12.4881070	3.3010035
0.2	0.25	0.0	0.0703566	0.2828152	1.4036169	-0.6511596	-1.2076596	1.0318656	-0.2423741
0.2	0.25	0.2	0.6159056	-0.2050937	6.6909872	-19.1866990	26.8629810	-19.0271260	5.3580488
0.2	0.25	0.2	0.0891128	0.1702221	2.4720008	-4.9324186	6.1223136	-4.7123917	1.4632694
0.2	0.25	0.4	0.7215670	0.0374900	3.9226910	-7.4222400	5.3541510	-0.9786100	-0.3710800
0.2	0.25	0.4	0.1202781	0.1074802	2.4970523	-3.7079504	3.0213692	-1.8021829	0.4930615
0.2	0.25	0.6	0.9048380	-0.1315600	4.6654820	-7.6840900	3.5404410	1.6663190	-1.4658800
0.2	0.25	0.6	0.1803830	-0.0541023	3.7023114	-7.2913373	8.5546816	-5.9999118	1.7212304
0.2	0.25	0.8	1.1866530	-0.8342800	8.7205780	-18.2575000	18.4069300	-8.8685700	1.4645500
0.2	0.25	0.8	0.2633540	-0.1901259	4.3785426	-8.5606515	9.8591518	-6.4535782	1.6581104
0.2	0.5	0.0	0.8776607	-0.6729719	3.7721411	-6.5209060	6.3377934	-3.7028038	0.9872447
0.2	0.5	0.0	0.1277541	0.4368502	0.4904522	1.0427434	-2.9631236	2.0826525	-0.5184313
0.2	0.5	0.2	0.8858151	-1.0197403	6.2776913	-14.5166680	18.7321820	-12.9862460	3.6925414
0.2	0.5	0.2	0.1453215	0.1594771	2.2306775	-4.4869243	5.6738656	-4.4885955	1.4435985
0.2	0.5	0.4	0.9688850	-0.6841400	2.7358770	-1.4201300	-3.8776500	5.5502200	-2.1443700
0.2	0.5	0.4	0.1705287	0.1690974	1.9564466	-3.3798091	3.7905011	-3.0373612	1.0275733
0.2	0.5	0.6	1.1240870	-1.0768400	3.8703920	-2.7987600	-3.8803000	6.7635310	-2.7860400
0.2	0.5	0.6	0.2171748	0.0842974	2.2072273	-3.7731258	4.0998144	-3.1122546	1.0079677
0.2	0.5	0.8	1.3125100	-1.3603100	4.4157580	-3.9151500	-1.6021800	4.3666690	-1.8710900
0.2	0.5	0.8	0.2804807	-0.0036237	2.1078754	-2.5482535	1.5280380	-0.6890973	0.1306713
0.2	1	0.0	1.1977992	-0.5244870	0.1498299	2.3284866	-5.1058499	4.3469049	-1.3487980
0.2	1	0.0	0.1870117	0.6987352	0.1316900	0.7269255	-2.5259384	2.1756251	-0.6540458
0.2	1	0.2	1.1957780	-1.1928788	4.9690673	-13.4503280	20.9840720	-16.9172570	5.4506179
0.2	1	0.2	0.2081893	0.2110738	3.0727215	-8.5670342	12.6758740	-10.1755280	3.3005282
0.2	1	0.4	1.2499210	-0.8835300	1.5685020	-0.3587800	-2.8201600	3.7710640	-1.4756300
0.2	1	0.4	0.2261821	0.1336704	3.4220588	-9.5448451	14.2937300	-11.6052470	3.8105474
0.2	1	0.6	1.3280790	-1.0422100	1.7783590	-0.6033200	-2.4505600	3.3606510	-1.2970500
0.2	1	0.6	0.2465393	0.1720577	2.9234104	-7.7004235	11.0168640	-8.7581419	2.8432632
0.2	1	0.8	1.4295430	-1.2362900	2.0609680	-0.9573800	-1.8135900	2.6148850	-0.9777200
0.2	1	0.8	0.2736792	0.1461663	2.8913901	-7.2809390	10.0223740	-7.6326797	2.3534796
0.2	2	0.0	0.8150546	-0.5623828	1.4465771	-4.6778133	8.4192164	-7.9025932	2.9866351
0.2	2	0.0	0.1359146	0.0702340	3.5558581	-11.0344450	16.9677240	-14.1269910	4.8706612
0.2	2	0.2	0.8351796	-0.9975558	4.1493278	-12.4451450	19.9819180	-16.6467810	5.6530002
0.2	2	0.2	0.1380096	0.0562824	3.3282021	-9.9530116	14.8063400	-12.0978150	4.1444930
0.2	2	0.4	0.8306994	-1.0237591	4.3698748	-13.2691110	21.4795450	-17.9219280	6.0620530
0.2	2	0.4	0.1376183	0.0406712	3.4210114	-10.3131460	15.4941570	-12.7019080	4.3425313
0.2	2	0.6	0.8558483	-1.0505654	4.3124794	-12.8453620	20.5584010	-17.0960360	5.8004744
0.2	2	0.6	0.1446670	0.0167777	3.5323058	-10.5712350	15.8160430	-12.9237830	4.4101264
0.2	2	0.8	0.8664408	-0.8724913	2.8280384	-7.6269457	11.3931450	-9.2221390	3.1640805
0.2	2	0.8	0.1390668	0.1865317	2.4237595	-7.0178287	9.8903995	-7.9357249	2.7360663
0.33333	0.03125	0.0	0.1965046	2.9373464	-5.2582823	7.4889153	-6.9282667	3.3673349	-0.6677966
0.33333	0.03125	0.0	0.0051780	0.1750280	2.7718680	-4.6457154	4.6780502	-3.2768090	0.9840994
0.33333	0.03125	0.2	0.2172042	2.5042847	-2.1152523	-1.0663053	5.5897238	-5.8369981	1.9620413
0.33333	0.03125	0.2	0.0076407	0.2402259	2.3741989	-3.4818023	3.2921834	-2.5081221	0.8062819
0.33333	0.03125	0.4	0.2213040	3.0865230	-5.3162800	10.1048800	-9.4190500	3.0782450	-0.0751300
0.33333	0.03125	0.4	0.0109040	0.2379070	2.7257150	-4.5589100	6.4148690	-5.9564800	2.0227340
0.33333	0.03125	0.6	0.2326720	3.4536430	-7.5171600	21.6026800	-27.4566000	15.2858500	-3.3080200
0.33333	0.03125	0.6	0.0124870	0.2833310	2.5113570	-3.3810700	6.2551880	-7.1855300	2.6289150
0.33333	0.03125	0.8	0.2431510	3.7925040	-9.4367000	34.6255300	-49.5858000	30.8779100	-7.4781600
0.33333	0.03125	0.8	0.0129250	0.3526240	1.9977450	-0.5838300	3.0764080	-5.7180400	2.2847340
0.33333	0.0625	0.0	0.2695332	2.1626001	-1.6551569	-1.2970208	4.5604304	-4.3163876	1.4010655
0.33333	0.0625	0.0	0.0138667	0.1827458	2.5749608	-3.9044679	3.3556301	-2.1772209	0.6420134
0.33333	0.0625	0.2	0.2844799	2.0640002	-1.1370689	-1.3784733	3.1901236	-2.4501643	0.6364234
0.33333	0.0625	0.2	0.0196105	0.2162750	2.5422614	-4.2578287	4.5779897	-3.5058747	1.1186308
0.33333	0.0625	0.4	0.3220940	2.4382140	-1.9837600	0.2441520	4.2246520	-5.9119800	2.2494420
0.33333	0.0625	0.4	0.0302700	0.2690970	2.6242350	-4.3253900	5.2447410	-4.4149200	1.4273430
0.33333	0.0625	0.6	0.3690150	2.8657790	-3.6714400	7.4894220	-5.1881800	-1.1502800	1.4278360
0.33333	0.0625	0.6	0.0421480	0.3508870	2.4986830	-3.8769000	6.1282230	-6.2831600	2.2006960
0.33333	0.0625	0.8	0.4274530	3.1943180	-5.0036400	17.1834400	-22.1341000	11.3312000	-2.1369500
0.33333	0.0625	0.8	0.0540340	0.4419180	2.1304980	-1.7669500	3.5006620	-4.6673800	1.6550060
0.33333	0.125	0.0	0.4065238	0.7772483	3.8861644	-12.5739430	16.7602070	-11.0145930	2.8706957
0.33333	0.125	0.0	0.0320270	0.1825342	2.2670449	-2.7076615	1.2088194	-0.3777430	0.0763155
0.33333	0.125	0.2	0.4128225	1.1171748	1.7294667	-6.5703783	8.5967302	-5.5789250	1.4430231
0.33333	0.125	0.2	0.0491457	0.0109153	3.9207133	-9.2000295	12.7682450	-9.8975712	3.0345710
0.33333	0.125	0.4	0.4999770	1.1122800	3.4080100	-12.8313000	19.9567700	-15.1319000	4.4070790
0.33333	0.125	0.4	0.0655360	0.2653370	2.2964190	-3.1937600	2.6225790	-1.8132600	0.5497690
0.33333	0.125	0.6	0.6175010	1.2257330	4.0319720	-14.5662000	24.3204400	-19.8868000	6.1066340
0.33333	0.125	0.6	0.0998390	0.2849510	2.6838120	-4.6127100	5.8013200	-4.8420000	1.5330940
0.33333	0.125	0.8	0.7920490	1.0127770	6.8668830	-21.9541000	36.4292600	-29.7102000	9.0101920
0.33333	0.125	0.8	0.1476580	0.2244550	3.5532850	-7.2068400	10.4741700	-8.3895400	2.3883100
0.33333	0.25	0.0	0.6152816	-0.3348694	6.2955620	-15.5906180	19.2995080	-12.4881070	3.3010035
0.33333	0.25	0.0	0.0703566	0.2828152	1.4036169	-0.6511596	-1.2076596	1.0318656	-0.2423741
0.33333	0.25	0.2	0.6151200	-0.2559286	6.9419508	-19.9773950	28.0618350	-19.8922620	5.6000832
0.33333	0.25	0.2	0.0890045	0.1593445	2.5204791	-5.1000189	6.3764694	-4.8919376	1.5129735
0.33333	0.25	0.4	0.7305130	-0.3220800	6.3427310	-15.3906000	18.4112600	-11.3497000	2.8193980
0.33333	0.25	0.4	0.1265635	0.1445088	2.2324974	-3.0386458	2.2662085	-1.4535727	0.4548018
0.33333	0.25	0.6	0.9124330	-0.7665200	9.1561340	-23.0813000	29.8969500	-19.9456000	5.3119440
0.33333	0.25	0.6	0.1687760	0.1014170	2.6091130	-3.8884800	3.4192270	-2.2010400	0.6120270
0.33333	0.25	0.8	1.1626120	-1.3970900	12.5962000	-31.8562000	42.7328100	-29.1466000	7.7681640
0.33333	0.25	0.8	0.2450710	-0.1281000	3.9424300	-7.5372100	9.0064480	-6.0816100	1.5366290
0.33333	0.5	0.0	0.8776607	-0.6729719	3.7721411	-6.5209060	6.3377934	-3.7028038	0.9872447
0.33333	0.5	0.0	0.1277541	0.4368502	0.4904522	1.0427434	-2.9631236	2.0826525	-0.5184313
0.33333	0.5	0.2	0.8818313	-1.0917996	6.7441757	-15.9911760	21.0547920	-14.7720370	4.2281725
0.33333	0.5	0.2	0.1441557	0.1424866	2.3284045	-4.7895448	6.1386818	-4.8362727	1.5452935
0.33333	0.5	0.4	0.9407980	-0.4985400	1.9170250	-0.0192500	-4.6370600	5.2166830	-1.8075400
0.33333	0.5	0.4	0.1711202	0.1668531	1.9267560	-3.2630245	3.5831509	-2.8636537	0.9729171
0.33333	0.5	0.6	1.1152890	-1.3442300	5.9458650	-10.0972000	8.9327530	-4.0621300	0.7185930
0.33333	0.5	0.6	0.2163543	0.1549463	1.5248691	-1.5230688	0.7692177	-0.7731253	0.3699490
0.33333	0.5	0.8	1.2910080	-1.3463700	4.3601980	-3.7608100	-1.3364900	3.8436030	-1.6693300
0.33333	0.5	0.8	0.2617850	0.1512610	1.1793570	0.3568580	-2.8439400	2.6019470	-0.8740000
0.33333	1	0.0	1.1977992	-0.5244870	0.1498299	2.3284866	-5.1058499	4.3469049	-1.3487980
0.33333	1	0.0	0.1870117	0.6987352	0.1316900	0.7269255	-2.5259384	2.1756251	-0.6540458
0.33333	1	0.2	1.1843664	-1.1847612	4.9902280	-13.5387350	21.1197710	-17.0174140	5.4794601
0.33333	1	0.2	0.2064638	0.1880635	3.2277985	-9.0382566	13.4105360	-10.7432710	3.4724686
0.33333	1	0.4	1.2310867	-1.2996546	5.3458402	-14.2978560	22.2833750	-18.1327190	5.9308732
0.33333	1	0.4	0.2232606	0.1330441	3.4286845	-9.5400946	14.2735380	-11.5993320	3.8156481
0.33333	1	0.6	1.3016702	-1.3329884	4.6823879	-11.3893260	16.8857210	-13.3947920	4.3283933
0.33333	1	0.6	0.2440755	0.1533295	3.0387623	-7.9723882	11.3747120	-9.0179366	2.9233036
0.33333	1	0.8	1.4059990	-1.4844400	4.6015830	-9.7191000	12.9791700	-9.5963900	2.9604700
0.33333	1	0.8	0.2547770	0.3338937	2.0367399	-5.9096868	9.5170399	-8.2252015	2.7607498
0.33333	2	0.0	0.8150546	-0.5623828	1.4465771	-4.6778133	8.4192164	-7.9025932	2.9866351
0.33333	2	0.0	0.1359146	0.0702340	3.5558581	-11.0344450	16.9677240	-14.1269910	4.8706612
0.33333	2	0.2	0.8291377	-0.9895481	4.1798664	-12.6008810	20.2807440	-16.9147740	5.7445745
0.33333	2	0.2	0.1367171	0.0546432	3.3517976	-10.0303680	14.9318620	-12.1994840	4.1771813
0.33333	2	0.4	0.8281292	-1.0079708	4.3560940	-13.1706900	21.1843490	-17.6247700	5.9654552
0.33333	2	0.4	0.1383911	0.0271839	3.5221879	-10.5597060	15.7961470	-12.9050230	4.4038513
0.33333	2	0.6	0.8416824	-1.0386714	4.4633302	-13.4088380	21.4637690	-17.8081300	6.0224184
0.33333	2	0.6	0.1432074	0.0086329	3.6113710	-10.7743680	16.0839370	-13.1223910	4.4757876
0.33333	2	0.8	0.8492888	-0.8700518	3.1479406	-8.7543723	13.2225240	-10.6856780	3.6241547
0.33333	2	0.8	0.1360843	0.2203399	2.2144388	-6.1874959	8.3319395	-6.6071612	2.3172922
1	0.03125	0.0	0.1965046	2.9373464	-5.2582823	7.4889153	-6.9282667	3.3673349	-0.6677966
1	0.03125	0.0	0.0051780	0.1750280	2.7718680	-4.6457154	4.6780502	-3.2768090	0.9840994
1	0.03125	0.2	0.1980698	2.9376255	-5.7910377	9.0906707	-8.3306142	3.5783634	-0.5294521
1	0.03125	0.2	0.0070114	0.1898240	2.6323945	-4.5352932	4.9970582	-3.7704006	1.1719024
1	0.03125	0.4	0.2036455	3.0536864	-7.5611329	18.0901970	-24.3596750	16.1654160	-4.2713263
1	0.03125	0.4	0.0065988	0.2295720	2.2203944	-2.9443360	3.0963478	-2.8740561	1.0277332
1	0.03125	0.6	0.2080664	3.0619705	-7.5661345	21.0023570	-30.8471020	21.7743900	-6.0844006
1	0.03125	0.6	0.0064428	0.2406363	2.0576379	-1.8975150	1.7403919	-2.1313070	0.8401771
1	0.03125	0.8	0.2151530	2.9278961	-6.4283147	20.7467510	-33.4544950	26.2628950	-8.3376656
1	0.03125	0.8	0.0070182	0.2240701	2.1680770	-1.6985478	1.2764760	-1.0093882	0.0706237
1	0.0625	0.0	0.2695332	2.1626001	-1.6551569	-1.2970208	4.5604304	-4.3163876	1.4010655
1	0.0625	0.0	0.0138667	0.1827458	2.5749608	-3.9044679	3.3556301	-2.1772209	0.6420134
1	0.0625	0.2	0.2763729	2.1599045	-2.0267891	-0.4243455	4.0187485	-4.3462512	1.4738626
1	0.0625	0.2	0.0188237	0.2016690	2.4587678	-3.9257215	3.7489705	-2.5933327	0.7726676
1	0.0625	0.4	0.2858545	2.3348186	-3.7198821	6.2320571	-5.4958095	1.6375000	0.0378025
1	0.0625	0.4	0.0210044	0.2212507	2.3212950	-3.5787902	4.1509575	-3.5669022	1.1860134
1	0.0625	0.6	0.2956428	2.4165048	-4.8367868	12.7971700	-16.8480530	10.0752260	-2.3531530
1	0.0625	0.6	0.0209211	0.2469374	2.1002164	-2.7077936	3.6514117	-3.8371464	1.3784540
1	0.0625	0.8	0.3105134	2.2645011	-3.9423356	13.5261860	-20.5656630	14.8333180	-4.4921637
1	0.0625	0.8	0.0214507	0.2387578	2.1265824	-2.3702841	3.3403888	-3.1407320	0.8212562
1	0.125	0.0	0.4065238	0.7772483	3.8861644	-12.5739430	16.7602070	-11.0145930	2.8706957
1	0.125	0.0	0.0320270	0.1825342	2.2670449	-2.7076615	1.2088194	-0.3777430	0.0763155
1	0.125	0.2	0.4121982	0.9809633	2.6642734	-10.7187190	16.1359870	-11.6748910	3.2857406
1	0.125	0.2	0.0429732	0.1691403	2.4438611	-3.9902340	3.8722617	-2.6848999	0.8103888
1	0.125	0.4	0.4477387	1.0237602	2.5276007	-10.5320590	17.6647600	-14.1482080	4.2757268
1	0.125	0.4	0.0540097	0.1987294	2.2948342	-3.5660648	3.7293777	-2.8871555	0.9059529
1	0.125	0.6	0.4794850	1.0122248	2.3746013	-8.9100690	16.4993640	-14.7229070	4.7771766
1	0.125	0.6	0.0619259	0.1470564	2.7590146	-5.2500160	7.5725453	-6.5638921	2.1055291
1	0.125	0.8	0.5164358	0.7095588	4.0378956	-11.6159290	20.5364600	-17.5909320	5.3195877
1	0.125	0.8	0.0672847	0.0932846	3.1539168	-6.3939996	10.1668960	-8.4828712	2.4189185
1	0.25	0.0	0.6152816	-0.3348694	6.2955620	-15.5906180	19.2995080	-12.4881070	3.3010035
1	0.25	0.0	0.0703566	0.2828152	1.4036169	-0.6511596	-1.2076596	1.0318656	-0.2423741
1	0.25	0.2	0.6036135	-0.2082404	5.3418705	-13.4829570	16.7215880	-10.7620160	2.8234053
1	0.25	0.2	0.0807441	0.1552152	1.9842592	-2.3730394	1.0667213	-0.3126002	0.0485609
1	0.25	0.4	0.6763719	-0.4084805	6.5633796	-17.0174820	22.4388070	-15.2709740	4.1657228
1	0.25	0.4	0.1065385	0.1005757	2.2911382	-3.2447754	2.5267606	-1.4981637	0.4070186
1	0.25	0.6	0.7671408	-0.7046097	8.0697488	-20.6071640	28.5061400	-20.4126980	5.7488452
1	0.25	0.6	0.1373930	-0.0362089	3.1839681	-5.9666133	7.3004307	-5.4361461	1.5933357
1	0.25	0.8	0.8672181	-1.2149195	10.9301350	-27.9334040	40.8198510	-30.1877350	8.4787938
1	0.25	0.8	0.1654534	-0.1999250	4.2025416	-8.9738747	12.7956040	-9.7487687	2.7127496
1	0.5	0.0	0.8776607	-0.6729719	3.7721411	-6.5209060	6.3377934	-3.7028038	0.9872447
1	0.5	0.0	0.1277541	0.4368502	0.4904522	1.0427434	-2.9631236	2.0826525	-0.5184313
1	0.5	0.2	0.8384152	-0.8875162	5.3791336	-11.8425850	14.5904790	-9.8103109	2.7410811
1	0.5	0.2	0.1337606	0.1884846	1.9795808	-3.6849341	4.3785592	-3.4701229	1.1326364
1	0.5	0.4	0.8892248	-0.9915286	5.5961603	-12.0072460	14.6153170	-9.8105244	2.7557195
1	0.5	0.4	0.1532075	0.1645333	1.9260619	-3.3061701	3.6845481	-2.9312177	0.9808108
1	0.5	0.6	1.0018108	-1.2454590	6.2353455	-12.6732940	15.3541670	-10.4875560	2.9891745
1	0.5	0.6	0.1954366	-0.0015461	2.6948093	-5.1511045	6.2981962	-4.8171117	1.5021162
1	0.5	0.8	1.1606771	-1.8418488	8.9468374	-18.8999830	24.3572740	-16.9571600	4.6830625
1	0.5	0.8	0.2459519	-0.1254368	2.9943167	-5.2476171	6.3302036	-4.6469716	1.3044496
1	1	0.0	1.1977992	-0.5244870	0.1498299	2.3284866	-5.1058499	4.3469049	-1.3487980
1	1	0.0	0.1870117	0.6987352	0.1316900	0.7269255	-2.5259384	2.1756251	-0.6540458
1	1	0.2	1.1326072	-1.0340344	4.2775103	-11.1998050	17.0668730	-13.5586910	4.3214476
1	1	0.2	0.1913506	0.2635671	2.7487853	-7.3815015	10.5110840	-8.2595738	2.6404137
1	1	0.4	1.1385905	-1.1163059	4.7874242	-12.4947500	18.8825460	-14.9748630	4.7953969
1	1	0.4	0.1977322	0.2151295	2.9666270	-7.9048037	11.3073660	-8.9700271	2.9081089
1	1	0.6	1.1953788	-1.2239875	4.9961246	-12.2972530	17.7908420	-13.6861670	4.2864193
1	1	0.6	0.2188226	0.1664467	3.0963132	-7.9606720	11.0408180	-8.5084906	2.6841250
1	1	0.8	1.3027014	-1.5187590	6.3057897	-15.0647910	21.2513580	-15.9017180	4.8148656
1	1	0.8	0.2577871	0.0308774	3.8532491	-9.8137504	13.6324880	-10.2771730	3.1213918
1	2	0.0	0.8150546	-0.5623828	1.4465771	-4.6778133	8.4192164	-7.9025932	2.9866351
1	2	0.0	0.1359146	0.0702340	3.5558581	-11.0344450	16.9677240	-14.1269910	4.8706612
1	2	0.2	0.7967907	-0.9356917	4.2359839	-13.0247510	21.0723860	-17.5645430	5.9427531
1	2	0.2	0.1286709	0.0672126	3.3363822	-10.0506730	15.0499860	-12.3467060	4.2351011
1	2	0.4	0.7821266	-0.9351264	4.6041832	-14.3510500	23.2216500	-19.3003090	6.5066994
1	2	0.4	0.1302079	-0.0027689	3.8273524	-11.5209810	17.3401440	-14.1695480	4.8192152
1	2	0.6	0.7800960	-0.8769273	4.3923941	-13.6179350	21.7264160	-17.8436860	5.9715188
1	2	0.6	0.1287406	0.0493532	3.4929744	-10.3986010	15.3726310	-12.4495850	4.2275445
1	2	0.8	0.7880845	-0.7631360	3.7695776	-11.3760910	17.5851000	-14.1732370	4.7190746
1	2	0.8	0.1290012	0.1457613	2.9297051	-8.5063451	12.0971510	-9.6368174	3.2736298
